Es folgen die Ergebnisse:
1 5 0
1 9 0
1 43 0
1 4 0
1 3 0
1 2 0
2 5 0
2 21 0
2 40 0
2 4 0
2 3 0
1 2 0
3 5 0
3 33 0
3 17 0
3 4 0
2 3 0
1 3 0
4 15 0
4 5 0
4 28 0
3 4 0
2 4 0
1 4 0
4 5 0
3 5 0
2 5 0
1 5 0
6 8 0
6 21 0
6 11 0
6 7 0
7 8 0
7 38 0
7 30 0
6 7 0
7 8 0
6 8 0
9 13 0
9 26 0
9 12 0
9 11 0
9 10 0
1 9 0
10 13 0
10 15 0
10 36 0
10 18 0
10 12 0
10 11 0
9 10 0
11 12 0
11 13 0
11 29 0
10 11 0
9 11 0
6 11 0
11 12 0
12 39 0
12 13 0
12 32 0
12 22 0
10 12 0
9 12 0
12 13 0
11 13 0
10 13 0
9 13 0
14 36 0
14 16 0
14 32 0
14 39 0
14 15 0
4 15 0
14 15 0
10 15 0
15 16 0
14 16 0
17 19 0
17 40 0
17 18 0
3 17 0
18 19 0
18 35 0
18 46 0
17 18 0
10 18 0
18 19 0
17 19 0
20 24 0
20 41 0
20 23 0
20 22 0
20 21 0
21 24 0
21 23 0
21 22 0
20 21 0
6 21 0
2 21 0
22 24 0
22 23 0
21 22 0
20 22 0
12 22 0
23 24 0
23 28 0
22 23 0
21 23 0
20 23 0
23 24 0
22 24 0
21 24 0
20 24 0
25 26 0
25 48 0
25 49 0
25 27 0
25 31 0
25 26 0
26 48 0
26 49 0
26 27 0
9 26 0
27 48 0
27 49 0
26 27 0
25 27 0
28 34 0
28 44 0
28 33 0
28 32 0
28 31 0
28 30 0
28 29 0
23 28 0
4 28 0
29 34 0
29 38 0
29 47 0
29 33 0
29 32 0
29 31 0
29 30 0
28 29 0
11 29 0
30 34 0
30 41 0
30 44 0
30 33 0
30 32 0
30 31 0
29 30 0
28 30 0
7 30 0
31 34 0
31 45 0
31 33 0
31 32 0
30 31 0
29 31 0
28 31 0
25 31 0
32 34 0
32 47 0
32 33 0
31 32 0
30 32 0
29 32 0
28 32 0
14 32 0
12 32 0
33 34 0
33 45 0
32 33 0
31 33 0
30 33 0
29 33 0
28 33 0
3 33 0
33 34 0
32 34 0
31 34 0
30 34 0
29 34 0
28 34 0
35 38 0
35 37 0
35 46 0
35 36 0
18 35 0
14 36 0
36 49 0
36 37 0
35 36 0
10 36 0
36 37 0
35 37 0
35 38 0
38 42 0
38 47 0
38 41 0
38 40 0
38 39 0
29 38 0
7 38 0
12 39 0
39 42 0
39 47 0
39 44 0
39 41 0
39 40 0
38 39 0
14 39 0
40 42 0
40 45 0
40 41 0
39 40 0
38 40 0
17 40 0
2 40 0
41 42 0
41 47 0
40 41 0
39 41 0
38 41 0
30 41 0
20 41 0
41 42 0
40 42 0
39 42 0
38 42 0
15 43 0
1 43 0
39 44 0
30 44 0
28 44 0
40 45 0
33 45 0
31 45 0
35 46 0
18 46 0
41 47 0
39 47 0
38 47 0
32 47 0
29 47 0
48 49 0
26 48 0
25 48 0
27 48 0
15 48 0
48 49 0
26 49 0
25 49 0
27 49 0
36 49 0
5 1 0
9 1 0
43 1 0
4 1 0
3 1 0
2 1 0
5 2 0
21 2 0
40 2 0
4 2 0
3 2 0
2 1 0
5 3 0
33 3 0
17 3 0
4 3 0
3 2 0
3 1 0
15 4 0
5 4 0
28 4 0
4 3 0
4 2 0
4 1 0
5 4 0
5 3 0
5 2 0
5 1 0
8 6 0
21 6 0
11 6 0
7 6 0
8 7 0
38 7 0
30 7 0
7 6 0
8 7 0
8 6 0
13 9 0
26 9 0
12 9 0
11 9 0
10 9 0
9 1 0
13 10 0
15 10 0
36 10 0
18 10 0
12 10 0
11 10 0
10 9 0
12 11 0
13 11 0
29 11 0
11 10 0
11 9 0
11 6 0
12 11 0
39 12 0
13 12 0
32 12 0
22 12 0
12 10 0
12 9 0
13 12 0
13 11 0
13 10 0
13 9 0
36 14 0
16 14 0
32 14 0
39 14 0
15 14 0
48 15 0
15 4 0
43 15 0
16 15 0
15 14 0
15 10 0
16 15 0
16 14 0
19 17 0
40 17 0
18 17 0
17 3 0
19 18 0
35 18 0
46 18 0
18 17 0
18 10 0
19 18 0
19 17 0
24 20 0
41 20 0
23 20 0
22 20 0
21 20 0
24 21 0
23 21 0
22 21 0
21 20 0
21 6 0
21 2 0
24 22 0
23 22 0
22 21 0
22 20 0
22 12 0
24 23 0
28 23 0
23 22 0
23 21 0
23 20 0
24 23 0
24 22 0
24 21 0
24 20 0
26 25 0
48 25 0
49 25 0
27 25 0
31 25 0
26 25 0
48 26 0
49 26 0
27 26 0
26 9 0
48 27 0
49 27 0
27 26 0
27 25 0
34 28 0
44 28 0
33 28 0
32 28 0
31 28 0
30 28 0
29 28 0
28 23 0
28 4 0
34 29 0
38 29 0
47 29 0
33 29 0
32 29 0
31 29 0
30 29 0
29 28 0
29 11 0
34 30 0
41 30 0
44 30 0
33 30 0
32 30 0
31 30 0
30 29 0
30 28 0
30 7 0
34 31 0
45 31 0
33 31 0
32 31 0
31 30 0
31 29 0
31 28 0
31 25 0
34 32 0
47 32 0
33 32 0
32 31 0
32 30 0
32 29 0
32 28 0
32 14 0
32 12 0
34 33 0
45 33 0
33 32 0
33 31 0
33 30 0
33 29 0
33 28 0
33 3 0
34 33 0
34 32 0
34 31 0
34 30 0
34 29 0
34 28 0
38 35 0
37 35 0
46 35 0
36 35 0
35 18 0
36 14 0
49 36 0
37 36 0
36 35 0
36 10 0
37 36 0
37 35 0
38 35 0
42 38 0
47 38 0
41 38 0
40 38 0
39 38 0
38 29 0
38 7 0
39 12 0
42 39 0
47 39 0
44 39 0
41 39 0
40 39 0
39 38 0
39 14 0
42 40 0
45 40 0
41 40 0
40 39 0
40 38 0
40 17 0
40 2 0
42 41 0
47 41 0
41 40 0
41 39 0
41 38 0
41 30 0
41 20 0
42 41 0
42 40 0
42 39 0
42 38 0
43 15 0
43 1 0
44 39 0
44 30 0
44 28 0
45 40 0
45 33 0
45 31 0
46 35 0
46 18 0
47 41 0
47 39 0
47 38 0
47 32 0
47 29 0
49 48 0
48 26 0
48 25 0
48 27 0
48 15 0
49 48 0
49 26 0
49 25 0
49 27 0
49 36 0
50 1 0
50 2 0
50 3 0
50 4 0
50 5 0
50 6 0
50 7 0
50 8 0
50 9 0
50 10 0
50 11 0
50 12 0
50 13 0
50 14 0
15 50 687830
50 16 0
50 17 12506
50 18 0
50 19 31265
50 20 31265
50 21 31265
50 22 31265
50 23 0
50 24 12506
50 25 12506
50 26 0
50 27 18759
50 28 18759
50 29 18759
50 30 18759
50 31 18759
50 32 18759
50 33 0
50 34 25012
50 35 25012
50 36 0
50 37 50024
50 38 50024
50 39 56277
50 40 50024
50 41 0
50 42 37518
50 43 0
50 44 37518
50 45 12506
50 46 56277
50 47 12506
50 48 0
50 49 0
50 48 0
50 43 0
50 16 0
